[imageSucess.jpg]
filters=radblur=1,0.476364,0.336957,-0.333333,0.134503;
moddate=78edffe43dfbcd01
width=275
height=184
textactive=0
[imageToExamples.jpg]
filters=radsat=1,0.640000,0.358696,0.000000,0.000000;
moddate=718d0b5f41fbcd01
width=275
height=184
textactive=0
